#ies_format_version: 1.0
#file: 20250714_4000.dat
#file_info: generated by AsciiLoger of OpenMUC
#timezone: + 5
#timestep_sec: 4.0
#col_no;	col_name;	confidential;	measured;	unit;	category;	comment
#001;	YYYYMMDD;	FALSE;	FALSE;	0;	time;	INTEGER,8. Date [human readable]
#002;	hhmmss;	FALSE;	FALSE;	0;	time;	SHORT,6. Time [human readable]
#003;	unixtimestamp;	FALSE;	FALSE;	s;	time;	DOUBLE,14. lapsed seconds from 01-01-1970
#004;	register1;	FALSE;	TRUE;	0;	other;	INTEGER,12. -
YYYYMMDD;	hhmmss;	unixtimestamp;	register1
20250714;	123656;	1752476816.000;	           0
20250714;	123700;	1752476820.000;	         102
20250714;	123704;	1752476824.000;	         103
20250714;	123708;	1752476828.000;	         103
20250714;	123712;	1752476832.000;	         104
20250714;	123716;	1752476836.000;	         105
20250714;	123720;	1752476840.000;	         106
20250714;	123724;	1752476844.000;	       err17
20250714;	123728;	1752476848.000;	       err17
20250714;	123732;	1752476852.000;	       err17
20250714;	123736;	1752476856.000;	       err32
20250714;	123740;	1752476860.000;	       err32
20250714;	123744;	1752476864.000;	       err32
20250714;	123748;	1752476868.000;	       err32
20250714;	123752;	1752476872.000;	       err32
20250714;	123756;	1752476876.000;	       err32
20250714;	123800;	1752476880.000;	       err32
20250714;	123804;	1752476884.000;	       err32
20250714;	123808;	1752476888.000;	       err32
20250714;	123812;	1752476892.000;	       err32
20250714;	123816;	1752476896.000;	       err32
20250714;	123820;	1752476900.000;	       err32
20250714;	123824;	1752476904.000;	       err32
20250714;	123828;	1752476908.000;	       err32
20250714;	123832;	1752476912.000;	       err32
20250714;	123836;	1752476916.000;	       err32
20250714;	123840;	1752476920.000;	       err32
20250714;	123844;	1752476924.000;	       err32
20250714;	123848;	1752476928.000;	       err32
20250714;	123852;	1752476932.000;	       err32
20250714;	123856;	1752476936.000;	       err32
20250714;	123900;	1752476940.000;	       err32
20250714;	123904;	1752476944.000;	       err32
20250714;	123908;	1752476948.000;	       err32
20250714;	123912;	1752476952.000;	       err32
20250714;	123916;	1752476956.000;	       err32
20250714;	123920;	1752476960.000;	       err32
20250714;	123924;	1752476964.000;	       err32
20250714;	123928;	1752476968.000;	       err32
20250714;	123932;	1752476972.000;	       err32
20250714;	123936;	1752476976.000;	       err32
20250714;	123940;	1752476980.000;	       err32
20250714;	123944;	1752476984.000;	       err32
20250714;	123948;	1752476988.000;	       err32
20250714;	123952;	1752476992.000;	       err32
20250714;	123956;	1752476996.000;	       err32
20250714;	124000;	1752477000.000;	       err32
20250714;	124004;	1752477004.000;	       err32
20250714;	124008;	1752477008.000;	       err32
20250714;	124012;	1752477012.000;	       err32
20250714;	124016;	1752477016.000;	       err32
20250714;	124020;	1752477020.000;	       err32
20250714;	124024;	1752477024.000;	       err32
20250714;	124028;	1752477028.000;	       err32
20250714;	124032;	1752477032.000;	       err32
20250714;	124036;	1752477036.000;	       err32
20250714;	124040;	1752477040.000;	       err32
20250714;	124044;	1752477044.000;	       err32
20250714;	124048;	1752477048.000;	       err32
20250714;	124052;	1752477052.000;	       err32
20250714;	124056;	1752477056.000;	       err32
20250714;	124100;	1752477060.000;	       err32
20250714;	124104;	1752477064.000;	       err32
20250714;	124108;	1752477068.000;	       err32
20250714;	124112;	1752477072.000;	       err32
20250714;	124116;	1752477076.000;	       err32
20250714;	124120;	1752477080.000;	       err32
20250714;	124124;	1752477084.000;	       err32
20250714;	124128;	1752477088.000;	       err32
20250714;	124132;	1752477092.000;	       err32
20250714;	124136;	1752477096.000;	       err32
20250714;	124140;	1752477100.000;	       err32
20250714;	124144;	1752477104.000;	       err32
20250714;	124148;	1752477108.000;	       err32
20250714;	124152;	1752477112.000;	       err32
20250714;	124156;	1752477116.000;	       err32
20250714;	124200;	1752477120.000;	       err32
20250714;	124204;	1752477124.000;	       err32
20250714;	124208;	1752477128.000;	       err32
20250714;	124212;	1752477132.000;	       err32
20250714;	124216;	1752477136.000;	       err32
20250714;	124220;	1752477140.000;	       err32
20250714;	124224;	1752477144.000;	       err32
20250714;	124228;	1752477148.000;	       err32
20250714;	124232;	1752477152.000;	       err32
20250714;	124236;	1752477156.000;	       err32
20250714;	124240;	1752477160.000;	       err32
20250714;	124244;	1752477164.000;	       err32
20250714;	124248;	1752477168.000;	       err32
20250714;	124252;	1752477172.000;	       err32
20250714;	124256;	1752477176.000;	       err32
20250714;	124300;	1752477180.000;	       err32
20250714;	124304;	1752477184.000;	       err32
20250714;	124308;	1752477188.000;	       err32
20250714;	124312;	1752477192.000;	       err32
20250714;	124316;	1752477196.000;	       err32
20250714;	124320;	1752477200.000;	       err32
20250714;	124324;	1752477204.000;	       err32
20250714;	124328;	1752477208.000;	       err32
20250714;	124332;	1752477212.000;	       err32
20250714;	124336;	1752477216.000;	       err32
20250714;	124340;	1752477220.000;	       err32
20250714;	124344;	1752477224.000;	       err32
20250714;	124348;	1752477228.000;	       err32
20250714;	124352;	1752477232.000;	       err32
20250714;	124356;	1752477236.000;	       err32
20250714;	124400;	1752477240.000;	       err32
20250714;	124404;	1752477244.000;	       err32
20250714;	124408;	1752477248.000;	       err32
20250714;	124412;	1752477252.000;	       err32
20250714;	124416;	1752477256.000;	       err32
20250714;	124420;	1752477260.000;	       err32
20250714;	124424;	1752477264.000;	       err32
20250714;	124428;	1752477268.000;	       err32
20250714;	124432;	1752477272.000;	       err32
20250714;	124436;	1752477276.000;	       err32
20250714;	124440;	1752477280.000;	       err32
20250714;	124444;	1752477284.000;	       err32
20250714;	124448;	1752477288.000;	       err32
20250714;	124452;	1752477292.000;	       err32
20250714;	124456;	1752477296.000;	       err32
20250714;	124500;	1752477300.000;	       err32
20250714;	124504;	1752477304.000;	       err32
20250714;	124508;	1752477308.000;	       err32
20250714;	124512;	1752477312.000;	       err32
20250714;	124516;	1752477316.000;	       err32
20250714;	124520;	1752477320.000;	       err32
20250714;	124524;	1752477324.000;	       err32
20250714;	124528;	1752477328.000;	       err32
20250714;	124532;	1752477332.000;	       err32
20250714;	124536;	1752477336.000;	       err32
20250714;	124540;	1752477340.000;	       err32
20250714;	124544;	1752477344.000;	       err32
20250714;	124548;	1752477348.000;	       err32
20250714;	124552;	1752477352.000;	       err32
20250714;	124556;	1752477356.000;	       err32
20250714;	124600;	1752477360.000;	       err32
20250714;	124604;	1752477364.000;	       err32
20250714;	124608;	1752477368.000;	       err32
20250714;	124612;	1752477372.000;	       err32
20250714;	124616;	1752477376.000;	       err32
20250714;	124620;	1752477380.000;	       err32
20250714;	124624;	1752477384.000;	       err32
20250714;	124628;	1752477388.000;	       err32
20250714;	124632;	1752477392.000;	       err32
20250714;	124636;	1752477396.000;	       err32
20250714;	124640;	1752477400.000;	       err32
20250714;	124644;	1752477404.000;	       err32
20250714;	124648;	1752477408.000;	       err32
20250714;	124652;	1752477412.000;	       err32
20250714;	124656;	1752477416.000;	       err32
20250714;	124700;	1752477420.000;	       err32
20250714;	124704;	1752477424.000;	       err32
20250714;	124708;	1752477428.000;	       err32
20250714;	124712;	1752477432.000;	       err32
20250714;	124716;	1752477436.000;	       err32
20250714;	124720;	1752477440.000;	       err32
20250714;	124724;	1752477444.000;	       err32
20250714;	124728;	1752477448.000;	       err32
20250714;	124732;	1752477452.000;	       err32
20250714;	124736;	1752477456.000;	       err32
20250714;	124740;	1752477460.000;	       err32
20250714;	124744;	1752477464.000;	       err32
20250714;	124748;	1752477468.000;	       err32
20250714;	124752;	1752477472.000;	       err32
20250714;	124756;	1752477476.000;	       err32
20250714;	124800;	1752477480.000;	       err32
20250714;	124804;	1752477484.000;	       err32
20250714;	124808;	1752477488.000;	       err32
20250714;	124812;	1752477492.000;	       err32
20250714;	124816;	1752477496.000;	       err32
20250714;	124820;	1752477500.000;	       err32
20250714;	124824;	1752477504.000;	       err32
20250714;	124828;	1752477508.000;	       err32
20250714;	124832;	1752477512.000;	       err32
20250714;	124836;	1752477516.000;	       err32
20250714;	124840;	1752477520.000;	       err32
20250714;	124844;	1752477524.000;	       err32
20250714;	124848;	1752477528.000;	       err32
20250714;	124852;	1752477532.000;	       err32
20250714;	124856;	1752477536.000;	       err32
20250714;	124900;	1752477540.000;	       err32
20250714;	124904;	1752477544.000;	       err32
20250714;	124908;	1752477548.000;	       err32
20250714;	124912;	1752477552.000;	       err32
20250714;	124916;	1752477556.000;	       err32
20250714;	124920;	1752477560.000;	       err32
20250714;	124924;	1752477564.000;	       err32
20250714;	124928;	1752477568.000;	       err32
20250714;	124932;	1752477572.000;	       err32
20250714;	124936;	1752477576.000;	       err32
20250714;	124940;	1752477580.000;	       err32
20250714;	124944;	1752477584.000;	       err32
20250714;	124948;	1752477588.000;	       err32
20250714;	124952;	1752477592.000;	       err32
20250714;	124956;	1752477596.000;	       err32
20250714;	125000;	1752477600.000;	       err32
20250714;	125004;	1752477604.000;	       err32
20250714;	125008;	1752477608.000;	       err32
20250714;	125012;	1752477612.000;	       err32
20250714;	125016;	1752477616.000;	       err32
20250714;	125020;	1752477620.000;	       err32
20250714;	125024;	1752477624.000;	       err32
20250714;	125028;	1752477628.000;	       err32
20250714;	125032;	1752477632.000;	       err32
20250714;	125036;	1752477636.000;	       err32
20250714;	125040;	1752477640.000;	       err32
20250714;	125044;	1752477644.000;	       err32
20250714;	125048;	1752477648.000;	       err32
20250714;	125052;	1752477652.000;	       err32
20250714;	125056;	1752477656.000;	       err32
20250714;	125100;	1752477660.000;	       err32
20250714;	125104;	1752477664.000;	       err32
20250714;	125108;	1752477668.000;	       err32
20250714;	125112;	1752477672.000;	       err32
20250714;	125116;	1752477676.000;	       err32
20250714;	125120;	1752477680.000;	       err32
20250714;	125124;	1752477684.000;	       err32
20250714;	125128;	1752477688.000;	       err32
20250714;	125132;	1752477692.000;	       err32
20250714;	125136;	1752477696.000;	       err32
20250714;	125140;	1752477700.000;	       err32
20250714;	125144;	1752477704.000;	       err32
20250714;	125148;	1752477708.000;	       err32
20250714;	125152;	1752477712.000;	       err32
20250714;	125156;	1752477716.000;	       err32
20250714;	125200;	1752477720.000;	       err32
20250714;	125204;	1752477724.000;	       err32
20250714;	125208;	1752477728.000;	       err32
20250714;	125212;	1752477732.000;	       err32
20250714;	125216;	1752477736.000;	       err32
20250714;	125220;	1752477740.000;	       err32
20250714;	125224;	1752477744.000;	       err32
20250714;	125228;	1752477748.000;	       err32
20250714;	125232;	1752477752.000;	       err32
20250714;	125236;	1752477756.000;	       err32
20250714;	125240;	1752477760.000;	       err32
20250714;	125244;	1752477764.000;	       err32
20250714;	125248;	1752477768.000;	       err32
20250714;	125252;	1752477772.000;	       err32
20250714;	125256;	1752477776.000;	       err32
20250714;	125300;	1752477780.000;	       err32
20250714;	125304;	1752477784.000;	       err32
20250714;	125308;	1752477788.000;	       err32
20250714;	125312;	1752477792.000;	       err32
20250714;	125316;	1752477796.000;	       err32
20250714;	125320;	1752477800.000;	       err32
20250714;	125324;	1752477804.000;	       err32
20250714;	125328;	1752477808.000;	       err32
20250714;	125332;	1752477812.000;	       err32
20250714;	125336;	1752477816.000;	       err32
20250714;	125340;	1752477820.000;	       err32
20250714;	125344;	1752477824.000;	       err32
20250714;	125348;	1752477828.000;	       err32
20250714;	125352;	1752477832.000;	       err32
20250714;	125356;	1752477836.000;	       err32
20250714;	125400;	1752477840.000;	       err32
20250714;	125404;	1752477844.000;	       err32
20250714;	125408;	1752477848.000;	       err32
20250714;	125412;	1752477852.000;	       err32
20250714;	125416;	1752477856.000;	       err32
20250714;	125420;	1752477860.000;	       err32
20250714;	125424;	1752477864.000;	       err32
20250714;	125428;	1752477868.000;	       err32
20250714;	125432;	1752477872.000;	       err32
20250714;	125436;	1752477876.000;	       err32
20250714;	125440;	1752477880.000;	       err32
20250714;	125444;	1752477884.000;	       err32
20250714;	125448;	1752477888.000;	       err32
20250714;	125452;	1752477892.000;	       err32
20250714;	125456;	1752477896.000;	       err32
20250714;	125500;	1752477900.000;	       err32
20250714;	125504;	1752477904.000;	       err32
20250714;	125508;	1752477908.000;	       err32
20250714;	125512;	1752477912.000;	       err32
20250714;	125516;	1752477916.000;	       err32
20250714;	125520;	1752477920.000;	       err32
20250714;	125524;	1752477924.000;	       err32
20250714;	125528;	1752477928.000;	       err32
20250714;	125532;	1752477932.000;	       err32
20250714;	125536;	1752477936.000;	       err32
20250714;	125540;	1752477940.000;	       err32
20250714;	125544;	1752477944.000;	       err32
20250714;	125548;	1752477948.000;	       err32
20250714;	125552;	1752477952.000;	       err32
20250714;	125556;	1752477956.000;	       err32
20250714;	125600;	1752477960.000;	       err32
20250714;	125604;	1752477964.000;	       err32
20250714;	125608;	1752477968.000;	       err32
20250714;	125612;	1752477972.000;	       err32
20250714;	125616;	1752477976.000;	       err32
20250714;	125620;	1752477980.000;	       err32
20250714;	125624;	1752477984.000;	       err32
20250714;	125628;	1752477988.000;	       err32
20250714;	125632;	1752477992.000;	       err32
20250714;	125636;	1752477996.000;	       err32
20250714;	125640;	1752478000.000;	       err32
20250714;	125644;	1752478004.000;	       err32
20250714;	125648;	1752478008.000;	       err32
20250714;	125652;	1752478012.000;	       err32
20250714;	125656;	1752478016.000;	       err32
20250714;	125700;	1752478020.000;	       err32
20250714;	125704;	1752478024.000;	       err32
20250714;	125708;	1752478028.000;	       err32
20250714;	125712;	1752478032.000;	       err32
20250714;	125716;	1752478036.000;	       err32
20250714;	125720;	1752478040.000;	       err32
20250714;	125724;	1752478044.000;	       err32
20250714;	125728;	1752478048.000;	       err32
20250714;	125732;	1752478052.000;	       err32
20250714;	125736;	1752478056.000;	       err32
20250714;	125740;	1752478060.000;	       err32
20250714;	125744;	1752478064.000;	       err32
20250714;	125748;	1752478068.000;	       err32
20250714;	125752;	1752478072.000;	       err32
20250714;	125756;	1752478076.000;	       err32
20250714;	125800;	1752478080.000;	       err32
20250714;	125804;	1752478084.000;	       err32
20250714;	125808;	1752478088.000;	       err32
20250714;	125812;	1752478092.000;	       err32
20250714;	125816;	1752478096.000;	       err32
20250714;	125820;	1752478100.000;	       err32
20250714;	125824;	1752478104.000;	       err32
20250714;	125828;	1752478108.000;	       err32
20250714;	125832;	1752478112.000;	       err32
20250714;	125836;	1752478116.000;	       err32
20250714;	125840;	1752478120.000;	       err32
20250714;	125844;	1752478124.000;	       err32
20250714;	125848;	1752478128.000;	       err32
20250714;	125852;	1752478132.000;	       err32
20250714;	125856;	1752478136.000;	       err32
20250714;	125900;	1752478140.000;	       err32
20250714;	125904;	1752478144.000;	       err32
20250714;	125908;	1752478148.000;	       err32
20250714;	125912;	1752478152.000;	       err32
20250714;	125916;	1752478156.000;	       err32
20250714;	125920;	1752478160.000;	       err32
20250714;	125924;	1752478164.000;	       err32
20250714;	125928;	1752478168.000;	       err32
20250714;	125932;	1752478172.000;	       err32
20250714;	125936;	1752478176.000;	       err32
20250714;	125940;	1752478180.000;	       err32
20250714;	125944;	1752478184.000;	       err32
20250714;	125948;	1752478188.000;	       err32
20250714;	125952;	1752478192.000;	       err32
20250714;	125956;	1752478196.000;	       err32
20250714;	130000;	1752478200.000;	       err32
20250714;	130004;	1752478204.000;	       err32
20250714;	130008;	1752478208.000;	       err32
20250714;	130012;	1752478212.000;	       err32
20250714;	130016;	1752478216.000;	       err32
20250714;	130020;	1752478220.000;	       err32
20250714;	130024;	1752478224.000;	       err32
20250714;	130028;	1752478228.000;	       err32
20250714;	130032;	1752478232.000;	       err32
20250714;	130036;	1752478236.000;	       err32
20250714;	130040;	1752478240.000;	       err32
20250714;	130044;	1752478244.000;	       err32
20250714;	130048;	1752478248.000;	       err32
20250714;	130052;	1752478252.000;	       err32
20250714;	130056;	1752478256.000;	       err32
20250714;	130100;	1752478260.000;	       err32
20250714;	130104;	1752478264.000;	       err32
20250714;	130108;	1752478268.000;	       err32
20250714;	130112;	1752478272.000;	       err32
20250714;	130116;	1752478276.000;	       err32
20250714;	130120;	1752478280.000;	       err32
20250714;	130124;	1752478284.000;	       err32
20250714;	130128;	1752478288.000;	       err32
20250714;	130132;	1752478292.000;	       err32
20250714;	130136;	1752478296.000;	       err32
20250714;	130140;	1752478300.000;	       err32
20250714;	130144;	1752478304.000;	       err32
20250714;	130148;	1752478308.000;	       err32
20250714;	130152;	1752478312.000;	       err32
20250714;	130156;	1752478316.000;	       err32
20250714;	130200;	1752478320.000;	       err32
20250714;	130204;	1752478324.000;	       err32
20250714;	130208;	1752478328.000;	       err32
20250714;	130212;	1752478332.000;	       err32
20250714;	130216;	1752478336.000;	       err32
20250714;	130220;	1752478340.000;	       err32
20250714;	130224;	1752478344.000;	       err32
20250714;	130228;	1752478348.000;	       err32
20250714;	130232;	1752478352.000;	       err32
20250714;	130236;	1752478356.000;	       err32
20250714;	130240;	1752478360.000;	       err32
20250714;	130244;	1752478364.000;	       err32
20250714;	130248;	1752478368.000;	       err32
20250714;	130252;	1752478372.000;	       err32
20250714;	130256;	1752478376.000;	       err32
20250714;	130300;	1752478380.000;	       err32
20250714;	130304;	1752478384.000;	       err32
20250714;	130308;	1752478388.000;	       err32
20250714;	130312;	1752478392.000;	       err32
20250714;	130316;	1752478396.000;	       err32
20250714;	130320;	1752478400.000;	       err32
20250714;	130324;	1752478404.000;	       err32
20250714;	130328;	1752478408.000;	       err32
20250714;	130332;	1752478412.000;	       err32
20250714;	130336;	1752478416.000;	       err32
20250714;	130340;	1752478420.000;	       err32
20250714;	130344;	1752478424.000;	       err32
20250714;	130348;	1752478428.000;	       err32
20250714;	130352;	1752478432.000;	       err32
20250714;	130356;	1752478436.000;	       err32
20250714;	130400;	1752478440.000;	       err32
20250714;	130404;	1752478444.000;	       err32
20250714;	130408;	1752478448.000;	       err32
20250714;	130412;	1752478452.000;	       err32
20250714;	130416;	1752478456.000;	       err32
20250714;	130420;	1752478460.000;	       err32
20250714;	130424;	1752478464.000;	       err32
20250714;	130428;	1752478468.000;	       err32
20250714;	130432;	1752478472.000;	       err32
20250714;	130436;	1752478476.000;	       err32
20250714;	130440;	1752478480.000;	       err32
20250714;	130444;	1752478484.000;	       err32
20250714;	130448;	1752478488.000;	       err32
20250714;	130452;	1752478492.000;	       err32
20250714;	130456;	1752478496.000;	       err32
20250714;	130500;	1752478500.000;	       err32
20250714;	130504;	1752478504.000;	       err32
20250714;	130508;	1752478508.000;	       err32
20250714;	130512;	1752478512.000;	       err32
20250714;	130516;	1752478516.000;	       err32
20250714;	130520;	1752478520.000;	       err32
20250714;	130524;	1752478524.000;	       err32
20250714;	130528;	1752478528.000;	       err32
20250714;	130532;	1752478532.000;	       err32
20250714;	130536;	1752478536.000;	       err32
20250714;	130540;	1752478540.000;	       err32
20250714;	130544;	1752478544.000;	       err32
20250714;	130548;	1752478548.000;	       err32
20250714;	130552;	1752478552.000;	       err32
20250714;	130556;	1752478556.000;	       err32
20250714;	130600;	1752478560.000;	       err32
20250714;	130604;	1752478564.000;	       err32
20250714;	130608;	1752478568.000;	       err32
20250714;	130612;	1752478572.000;	       err32
20250714;	130616;	1752478576.000;	       err32
20250714;	130620;	1752478580.000;	       err32
20250714;	130624;	1752478584.000;	       err32
20250714;	130628;	1752478588.000;	       err32
20250714;	130632;	1752478592.000;	       err32
20250714;	130636;	1752478596.000;	       err32
20250714;	130640;	1752478600.000;	       err32
20250714;	130644;	1752478604.000;	       err32
20250714;	130648;	1752478608.000;	       err32
20250714;	130652;	1752478612.000;	       err32
20250714;	130656;	1752478616.000;	       err32
20250714;	130700;	1752478620.000;	       err32
20250714;	130704;	1752478624.000;	       err32
20250714;	130708;	1752478628.000;	       err32
20250714;	130712;	1752478632.000;	       err32
20250714;	130716;	1752478636.000;	       err32
20250714;	130720;	1752478640.000;	       err32
20250714;	130724;	1752478644.000;	       err32
20250714;	130728;	1752478648.000;	       err32
20250714;	130732;	1752478652.000;	       err32
20250714;	130736;	1752478656.000;	       err32
20250714;	130740;	1752478660.000;	       err32
20250714;	130744;	1752478664.000;	       err32
20250714;	130748;	1752478668.000;	       err32
20250714;	130752;	1752478672.000;	       err32
20250714;	130756;	1752478676.000;	       err32
20250714;	130800;	1752478680.000;	       err32
20250714;	130804;	1752478684.000;	       err32
20250714;	130808;	1752478688.000;	       err32
20250714;	130812;	1752478692.000;	       err32
20250714;	130816;	1752478696.000;	       err32
20250714;	130820;	1752478700.000;	       err32
20250714;	130824;	1752478704.000;	       err32
20250714;	130828;	1752478708.000;	       err32
20250714;	130832;	1752478712.000;	       err32
20250714;	130836;	1752478716.000;	       err32
20250714;	130840;	1752478720.000;	       err32
20250714;	130844;	1752478724.000;	           0
20250714;	130848;	1752478728.000;	         102
20250714;	130852;	1752478732.000;	         103
20250714;	130856;	1752478736.000;	        err9
20250714;	130900;	1752478740.000;	       err17
20250714;	130904;	1752478744.000;	       err17
20250714;	130908;	1752478748.000;	       err17
20250714;	130912;	1752478752.000;	       err17
20250714;	130916;	1752478756.000;	       err17
20250714;	130920;	1752478760.000;	       err17
20250714;	130924;	1752478764.000;	       err17
20250714;	130928;	1752478768.000;	       err17
20250714;	130932;	1752478772.000;	       err17
20250714;	130936;	1752478776.000;	       err17
20250714;	130940;	1752478780.000;	       err17
20250714;	130944;	1752478784.000;	       err17
20250714;	130948;	1752478788.000;	       err17
20250714;	130952;	1752478792.000;	       err17
20250714;	130956;	1752478796.000;	        err7
20250714;	131000;	1752478800.000;	         116
20250714;	131004;	1752478804.000;	         117
20250714;	131008;	1752478808.000;	         118
20250714;	131012;	1752478812.000;	         119
20250714;	131016;	1752478816.000;	         119
20250714;	131020;	1752478820.000;	         120
20250714;	131024;	1752478824.000;	         121
20250714;	131028;	1752478828.000;	        err9
